0 0.352751 0.273463 0.359223 0.396440
2 0.203883 0.640777 0.012945 0.012945
2 0.904531 0.592233 0.014563 0.016181
2 0.687702 0.661812 0.017799 0.017799
2 0.521036 0.699029 0.019417 0.017799
2 0.800971 0.226537 0.021036 0.021036
2 0.508091 0.077670 0.024272 0.025890
2 0.600324 0.778317 0.017799 0.016181
2 0.425566 0.855987 0.017799 0.019417
2 0.653722 0.656958 0.016181 0.014563
2 0.902913 0.627832 0.016181 0.016181
2 0.731392 0.711974 0.021036 0.019417
2 0.865696 0.737864 0.021036 0.022654
2 0.629450 0.809061 0.017799 0.016181
2 0.799353 0.754045 0.016181 0.017799
2 0.160194 0.255663 0.021036 0.021036
2 0.404531 0.865696 0.021036 0.019417
2 0.512945 0.807443 0.017799 0.019417
2 0.435275 0.792880 0.017799 0.016181
2 0.771845 0.744337 0.016181 0.014563
2 0.894822 0.660194 0.022654 0.024272
2 0.788026 0.797735 0.019417 0.022654
