0 0.332792 0.297078 0.376623 0.402597
1 0.600649 0.800325 0.329545 0.292208
2 0.443182 0.449675 0.016234 0.017857
2 0.394481 0.887987 0.022727 0.021104
2 0.435065 0.378247 0.022727 0.025974
2 0.855519 0.694805 0.017857 0.019481
2 0.699675 0.844156 0.019481 0.017857
2 0.826299 0.693182 0.021104 0.021104
2 0.663961 0.191558 0.014610 0.014610
2 0.461039 0.079545 0.025974 0.024351
2 0.314935 0.727273 0.016234 0.014610
2 0.360390 0.746753 0.017857 0.016234
2 0.535714 0.717532 0.019481 0.016234
2 0.418831 0.673701 0.019481 0.019481
2 0.259740 0.667208 0.021104 0.021104
2 0.163961 0.665584 0.019481 0.017857
