1 0.670968 0.246774 0.117742 0.112903
1 0.774194 0.574194 0.054839 0.048387
1 0.877419 0.325806 0.029032 0.025806
1 0.074194 0.601613 0.017742 0.019355
1 0.408065 0.214516 0.014516 0.016129
0 0.169355 0.340323 0.337097 0.429032
1 0.285484 0.733871 0.020968 0.022581
1 0.766129 0.220968 0.022581 0.027419
1 0.183871 0.683871 0.012903 0.019355
1 0.783871 0.388710 0.012903 0.014516
2 0.430645 0.912903 0.019355 0.019355
2 0.504839 0.900000 0.019355 0.017742
1 0.337097 0.129032 0.017742 0.020968
1 0.327419 0.170968 0.022581 0.025806
