0 0.261231 0.379162 0.245461 0.382590
1 0.358498 0.305955 0.025109 0.022319
1 0.156233 0.405461 0.029759 0.035338
1 0.114385 0.524495 0.024179 0.022319
1 0.732805 0.477067 0.027899 0.024179
1 0.722623 0.497192 0.027660 0.023511
1 0.897574 0.501687 0.023511 0.024203
1 0.648978 0.363386 0.025586 0.024203
1 0.609216 0.352668 0.022128 0.026277
1 0.568734 0.719807 0.020764 0.023627
1 0.681860 0.758470 0.033651 0.035083
1 0.722313 0.646777 0.012888 0.010740
1 0.230432 0.867300 0.040095 0.037947
2 0.105135 0.566944 0.021480 0.020048
