1 0.675642 0.251914 0.113450 0.118917
1 0.766500 0.222840 0.022247 0.030590
1 0.411773 0.215674 0.013096 0.012407
1 0.518955 0.228081 0.015164 0.015164
0 0.177894 0.345351 0.340607 0.432638
1 0.075905 0.603282 0.020515 0.019808
1 0.271859 0.593379 0.013441 0.012733
1 0.323147 0.601160 0.014148 0.014148
1 0.186262 0.682866 0.012026 0.014856
1 0.285654 0.735922 0.022637 0.023345
1 0.318195 0.739813 0.014148 0.015563
1 0.368421 0.715054 0.015563 0.016978
2 0.429612 0.914191 0.020515 0.019100
2 0.504598 0.901811 0.020515 0.019808
1 0.403438 0.896152 0.012026 0.015563
1 0.644666 0.767756 0.012026 0.010611
1 0.598331 0.693831 0.014148 0.015563
1 0.629810 0.619907 0.014856 0.016271
1 0.878820 0.653509 0.010611 0.012733
1 0.775538 0.576754 0.055886 0.051641
1 0.876698 0.325269 0.043152 0.041030
1 0.846986 0.215266 0.013441 0.016271
1 0.326207 0.320580 0.012503 0.011253
1 0.348712 0.446549 0.012503 0.010628
1 0.347462 0.473431 0.011253 0.010628
1 0.623468 0.397787 0.010628 0.009377
1 0.585959 0.545324 0.014379 0.011878
1 0.380563 0.418538 0.008167 0.009800
