0 0.176428 0.343337 0.339767 0.432972
1 0.671848 0.248854 0.110971 0.111421
1 0.519319 0.227514 0.012580 0.013029
1 0.412166 0.214260 0.012130 0.012580
1 0.338485 0.129347 0.016623 0.018870
1 0.766646 0.223246 0.020217 0.027855
1 0.847066 0.214485 0.010333 0.012130
1 0.877617 0.325905 0.040884 0.035493
1 0.622653 0.396891 0.008986 0.008536
1 0.326355 0.320514 0.007638 0.010333
1 0.776530 0.575928 0.053464 0.046725
1 0.348594 0.447210 0.008986 0.008536
1 0.380492 0.418232 0.009884 0.007188
1 0.348369 0.473942 0.007638 0.008087
1 0.586710 0.546051 0.008986 0.009435
1 0.630290 0.621080 0.013478 0.012130
1 0.599066 0.692740 0.013029 0.012580
1 0.271881 0.593135 0.011182 0.011940
1 0.322960 0.600622 0.011372 0.009856
1 0.285907 0.735283 0.019901 0.021796
1 0.185929 0.682783 0.010614 0.010045
1 0.257477 0.689132 0.005117 0.004928
1 0.318316 0.740590 0.011182 0.011940
1 0.367689 0.714340 0.013646 0.012888
1 0.074329 0.601785 0.018269 0.016181
1 0.878829 0.652704 0.008993 0.009863
1 0.645741 0.767870 0.009283 0.011023
2 0.504101 0.901113 0.016154 0.014414
2 0.430911 0.913912 0.015905 0.015657
1 0.402704 0.896267 0.008201 0.009692
1 0.843636 0.264134 0.007680 0.007868
