0 0.261452 0.382845 0.238548 0.385347
1 0.157413 0.406452 0.026969 0.027811
1 0.357993 0.304477 0.020227 0.024440
1 0.113382 0.524248 0.022078 0.023685
2 0.105384 0.567025 0.022210 0.030142
1 0.609965 0.352706 0.025353 0.023862
1 0.647249 0.363891 0.025353 0.025353
1 0.733481 0.478589 0.026377 0.023841
1 0.721307 0.497104 0.028406 0.023333
1 0.897830 0.500908 0.025362 0.023841
1 0.567726 0.718820 0.024894 0.022820
1 0.680787 0.759965 0.032501 0.034575
1 0.766880 0.858158 0.027660 0.024894
1 0.722623 0.646903 0.011064 0.010373
1 0.228519 0.867182 0.038307 0.041609
