0 0.177419 0.341191 0.342432 0.434243
1 0.671216 0.250000 0.114144 0.115385
1 0.412540 0.214902 0.013062 0.010791
1 0.519025 0.228532 0.012494 0.013062
1 0.338710 0.129714 0.017606 0.019877
1 0.326783 0.319400 0.008519 0.008519
1 0.380736 0.417935 0.007383 0.006815
1 0.349216 0.446615 0.009087 0.009655
1 0.348080 0.473592 0.009087 0.009087
1 0.623239 0.396354 0.009655 0.006815
1 0.876817 0.325647 0.040891 0.036915
1 0.765788 0.222569 0.019877 0.027260
1 0.846433 0.215186 0.009655 0.012494
1 0.776579 0.576670 0.052817 0.046002
1 0.630235 0.619988 0.011139 0.013812
1 0.598155 0.693281 0.012921 0.011584
1 0.645607 0.767243 0.009802 0.009802
2 0.430405 0.913607 0.017822 0.018268
2 0.504812 0.901132 0.016040 0.014703
1 0.402780 0.896231 0.008911 0.011139
1 0.286653 0.736126 0.022932 0.024461
1 0.368445 0.714340 0.015288 0.014524
1 0.318376 0.739184 0.011466 0.012231
1 0.257537 0.689929 0.007028 0.005974
1 0.587366 0.546819 0.011649 0.011201
1 0.323701 0.600582 0.012097 0.011201
1 0.271953 0.593414 0.009857 0.009409
1 0.185484 0.682975 0.011111 0.011111
1 0.074233 0.601756 0.021209 0.018743
