0 0.175369 0.343494 0.340350 0.436031
1 0.338365 0.130204 0.017921 0.019300
1 0.412462 0.214640 0.010339 0.013096
1 0.521023 0.226703 0.012407 0.012407
1 0.671285 0.250138 0.114420 0.113041
1 0.767439 0.223601 0.021368 0.028260
1 0.623380 0.396264 0.013096 0.008271
1 0.788117 0.389027 0.008961 0.006203
1 0.776055 0.575820 0.053763 0.047560
1 0.586849 0.546526 0.011718 0.013785
1 0.629239 0.620278 0.015164 0.015164
1 0.878412 0.653364 0.011718 0.009650
1 0.598566 0.693342 0.014475 0.013785
1 0.647160 0.769162 0.013785 0.013785
1 0.402812 0.897367 0.011718 0.011028
2 0.431762 0.914599 0.017232 0.020678
2 0.505859 0.902192 0.022057 0.017921
1 0.288393 0.736077 0.024125 0.027571
1 0.318376 0.740212 0.015164 0.013785
1 0.074717 0.601323 0.019989 0.018610
1 0.186725 0.684036 0.011028 0.014475
1 0.368693 0.714709 0.015164 0.016543
1 0.272195 0.592707 0.013785 0.013785
1 0.324924 0.600634 0.013096 0.014475
1 0.348360 0.473463 0.011718 0.011028
1 0.350083 0.447615 0.012407 0.008961
1 0.327337 0.320444 0.011028 0.009650
1 0.877594 0.325269 0.042511 0.039385
1 0.846649 0.215866 0.011878 0.013128
